AmA,55,12
45Lc,40,10
2OP,38,3
1G,27,43
8AB4,40,55
Q6X,36,60
Yii,46,63
ho1,57,55
4000710,8,11
23BA0,13,49
10,5,14
40001F,16,15
4,50,5
5L3,23,13
7803512,9,3
8wO,61,58
4Fa,38,52
13D9,20,44
FFY,35,6
1J,41,29
A,39,30
m,62,8
2B,22,20
1,41,21
2F25,38,53
3r,55,53
A,12,29
225542133,6,63
3B3JD,40,10
2,13,15
30C,24,49
M,31,35
2A,26,10
20AI,26,18
1C,61,29
61,13,41
5Y29,45,33
7OZM,52,38
40,12,47
0,43,40
O,52,37
1QJ,36,37
111463,8,48
A56,14,48
4003324,8,13
8D,37,24
40006764,8,40
8AE,25,35
2W0F,36,41
7PBH,52,47
4kf,51,54
1,18,43
12,46,49
7F,18,61
3,35,27
E556,21,39
6,10,30
arY,60,20
f,61,30
78,14,2
3LPO,26,63
47,24,55
1YA,62,43
B8,32,31
1D4D3D,14,52
3H,49,56
AeW,59,8
1,41,59
1,56,25
cZ,60,32
2206436,7,58
303431,5,57
33100,4,57
1,37,13
72,17,48
32A4,14,21
1BPT,37,17
120210120110022,3,28
163,20,35
28UDM,37,20
A,45,17
16708740,9,9
80A8,16,49
19,57,6
1,8,27
3CA,37,53
4,46,22
ADUa,37,44
8H,26,22
266713,10,12
580,19,54
5BC8,18,23
1993,19,62
PN,35,5
3588,12,62
20202122210,3,49
PD9,36,31
2996,16,34
40003071,8,11
4MOi,49,27
3,43,32
G9DA,20,37
15,13,3
LBNKK,25,23
1CE60,51,28
113,5,30
32N4,35,13
QVI,50,40
0,31,54
306,38,12
1B0,21,59
80GCA,19,33
64O,56,31
212D8,19,42
C2,16,13
4,27,45
402160,8,41
0,47,62
1,22,47
IF1,30,35
5M,36,27
UN,55,17
16MM22,23,23
11,5,2
d0,63,46
1EH,29,39
32212,4,58
1,59,21
585934,13,8
gvu8,58,3
1,2,5
1eP,50,34
82,9,24
6726,11,52
92JNM,31,26
5N8,25,36
5,37,44
6f2,51,62
d,60,26
NU,36,30
2L,34,29
4DZw,63,37
N828,45,8
6HJ7,55,49
F,51,41
25,40,35
1Gk,52,38
23632330,7,49
113424,5,5
N4,25,34
1fg,55,10
YD,51,27
0,61,16
1,6,17
0,40,23
1,43,26
B8,40,11
15,20,10
0,31,27
M,57,62
2100001,3,28
3,31,26
51A6,15,9
jRE,54,27
13342,7,27
4292,16,43
HeXF,49,14
4,34,53
4UAZ,38,27
eFe,43,32
4,49,31
U8U,47,5
2218,9,21
E,56,39
1,3,5
1Bp,62,34
29A52,13,6
2,56,33
biWd,48,27
16,9,19
65,9,22
374A,14,14
17C75,21,29
dLt,58,8
0,53,57
D22I8,20,27
KPVl,59,10
0,33,8
9HEF0,18,35
56JY,37,19
12022210,4,59
3BHT,34,55
2Z,46,60
114032310,5,19
Matm,57,8
Bkk,49,30
OXGD,44,31
6B,53,29
1uC,60,52
34210,24,10
1048619,10,15
1B,16,6
8E8,15,57
FV,34,59
100000000001111100011111,2,23
3H,30,48
kOP,54,55
220,3,45
9N,31,48
0,59,24
100000000000011001010,2,26
48,11,3
V,44,54
4B450,13,42
1000000001000000,2,44
2,6,26
M,61,17
Bmo,57,29
138,38,40
9J,45,63
3,60,10
F,61,20
29,26,28
1537,17,36
I,54,58
V,53,14
1,9,3
15S,33,26
6,48,52
VW96,51,27
B1,38,53
4,61,49
24413,13,19
3429,14,50
152,29,36
WB,55,47
537CD,15,41
0,23,40
1ILB,35,5
220,3,20
30,34,29
9X,38,12
1,33,13
H6,46,11
3,30,12
6BQ,28,47
28YQ2,37,30
5,10,51
3773H8,19,51
5,37,54
1,7,8
8O,45,38
SME,37,9
D,54,35
1,60,16
23001,11,31
7gc,46,9
7RNZ,52,47
3,53,14
35CJF,20,29
Y,56,20
431,5,47
193,34,60
51,60,16
1D4329,14,2
10010000,2,53
18,46,11
10004034,8,53
3XO3,41,12
14BBG,18,53
IP,56,24
3g,58,32
5HG,21,47
2,57,8
20HV,32,26
2,52,58
6R8,51,22
PY,47,48
6,27,34
XYzX,63,40
JLT9,30,50
16X,45,31
976,12,32
661,40,48
20BA,13,11
D9M6,43,55
AO,48,39
124,10,27
1MFEV,49,22
0,13,49
166,23,32
6,57,12
83E,35,49
18,9,24
HK23E,22,52
XzS,63,19
4201620,10,12
1,2,10
CZ3,36,35
4C3,21,17
12EF,25,23
0,5,7
2lO,54,31
7Z,46,43
15I2,19,50
46,55,44
1113,8,24
EV,56,30
2ETc,62,8
2,47,60
ZEAI,39,22
3,57,63
403F2,16,39
23,22,18
7,24,30
D4,15,50
CE,24,60
9PDK,30,57
NRa,40,23
12D8,14,54
8OwO,63,57
1E,22,3
100000322320,4,10
3mU5,51,6
4ky,61,48
2,37,51
3,40,8
OGML,35,28
1,63,35
5,55,2
32,57,46
15gI,49,59
10,5,30
2D05,30,61
5QI,57,45
5W,54,18
1,48,33
255LB,22,44
21F9,21,7
F,43,21
10000111100110010,2,36
1,3,60
1,28,23
78,22,16
8o9R,62,22
3ROB,33,51
DB4,23,21
2QH,62,2
926,22,39
A67,31,43
39G,24,23
20,10,2
5T,34,10
2424,7,59
77,14,28
6OBU,34,38
856120,12,51
B6C,27,57
5cb,59,5
73D,22,39
13JSX,53,9
15,10,31
14,12,37
EEL,35,33
81,22,54
2,27,12
212022101,3,59
1GJ4,21,25
HG,35,4
FBEH,41,13
54FS,47,2
11873,12,2
19EA7,17,37
1DHLHE,22,28
d9H,42,31
2Xpg,59,62
3Q2GM,27,49
h,58,41
1ATL,32,34
C,57,12
GN,33,56
1SO,32,24
1Q5,36,50
Y,54,57
13LOC,53,16
A67N,47,44
6,12,3
3,42,59
1F,21,14
5,7,6
41FB,32,36
11,14,2
2GDJ,23,58
1,14,38
2,45,61
222bX,45,33
232311421,5,41
1979554,13,58
LZ,59,3
34B,31,59
P,41,29
A9B,25,56
11,6,25
4ZZX,48,31
0,13,49
215B,20,48
3A,32,63
331,6,35
1956,11,33
35E,43,43
6BAJH,20,31
20117F,16,56
5,42,26
3,40,43
125,6,57
40,12,13
h,45,29
AB30S,30,23
3OKaF,39,14
7,42,35
5HL,33,28
I,26,12
1,39,3
1881,14,35
QHF2,27,4
12,5,11
BL,45,45
C,63,6
2100,3,46
21,10,26
7P6C,41,57
3E2W,34,44
22,17,2
8L081,22,12
2SZ,41,6
6,43,49
5m,56,52
1JMT5,34,26
LI,42,43
Be,45,5
563,10,48
9D17,19,54
4I,22,35
2C,24,17
1DZc,47,29
8,31,36
3848537,9,42
3TR,32,62
I03,29,21
12E,15,37
E135,17,62
L87,29,34
32A388,11,29
12,38,48
6IL5,27,50
AKEC,23,13
1,62,53
CBW,37,39
1ed,47,57
28d9,63,34
407,14,50
0,43,10
9S,44,24
10,26,61
22C,16,2
120288,18,32
7Ib,50,8
8oP,54,16
201940,16,25
0,27,17
CYF,51,30
1LU9,45,54
12333,4,34
m5,59,62
67J9A,24,12
349Y,35,44
9Yg,51,51
CGX4,35,12
BP01G,29,55
X,58,13
D,55,38
10A,14,6
111110100020,3,39
2NU,59,30
LSXG,46,37
1,59,32
AI7,40,36
2EH8E,21,14
J44,25,20
15,58,49
811AD,19,44
A,61,36
MG9,29,11
4133444,5,36
29,42,13
2V2K,36,28
3055,12,2
20HN3,38,42
3,39,10
38U,39,45
66o,63,11
1000021211200,3,20
1,15,59
57G,29,44
D,42,35
FC7,22,34
9,54,37
6,26,53
D7,15,12
1E22I,29,59
GEg,48,31
2WV,51,5
H,38,50
rGE9,54,32
G,40,15
111110,2,9
2OXd,47,54
21,5,57
2016,9,2
10,5,57
PFG,36,43
1,53,24
G,59,19
2dVYA,41,8
2113430,5,23
8388765,10,59
109,58,17
7,15,19
V,60,5
8GR,44,50
441040,5,33
1,38,32
1G,35,52
28WWP,37,36
40bRW,38,29
2FE4,25,40
nH,63,56
2C6E,20,9
Ga,39,38
4AD,47,50
G252F,19,62
2oD,52,63
HOC,63,23
XeL,45,35
TRY,49,39
6,42,35
16W,36,53
J,63,18
0,18,31
4ZUJ,48,27
20162,7,12
8OYd,63,59
0,30,11
0,38,52
NG,27,39
5W4,61,40
28DBI,31,21
122321,5,10
2,50,47
A8,20,22
1PDNQ,33,61
122103,4,62
5G9,30,14
DSm,51,31
U,47,24
1RO,29,49
261,31,18
A,59,58
2988078,12,14
1e9L1,46,11
3,7,58
1203277,11,43
28V55,37,12
4,25,16
2VA,44,56
Q09,27,8
K,41,28
4,14,47
21220011012120,3,17
4M,52,56
30tn,56,52
SET,40,60
1T3X,34,60
4122201301,5,37
GK42,25,21
4,33,21
17,16,26
526138,10,47
2E0,15,11
89,61,40
3J4,25,2
20435,16,27
17669,10,51
1,11,26
4T6,61,50
1NO,31,19
1,31,11
273,11,5
4X,53,53
ml,49,11
C,57,32
T,45,30
CFI,44,33
1ESHD,42,6
1B,50,39
232121214,5,60
5018F,18,26
4210441,5,22
2J,59,17
1,47,60
1G5A,46,57
29cU,39,7
1020010200,3,56
2,60,61
B,55,53
13nO,63,56
OB,49,37
o,52,47
HC,37,30
C,46,17
CFF8B,24,42
112VG,45,44
AR1,34,35
B,61,46
26,14,45
8G,35,41
201000122,4,59
DON,25,60
9X3,48,46
J3B,42,45
nJ,59,7
0,26,45
19,44,22
BCC,14,33
A8,11,46
A2T,32,35
8998,14,25
148C6,31,42
94J23,26,35
25J,30,47
1DC,24,28
1JPG1,28,25
2B,29,58
85A,19,40
1DX,45,14
194PJ,36,9
HEQ,35,6
4cPD,48,27
BJTj,57,40
10000000010110100010001,2,18
1EY5,36,47
0,48,39
4,32,21
5,23,60
1,63,5
4121421024,5,50
6007,8,36
C3,24,11
G9EB,20,32
6aUG,54,31
3,59,37
10O3,32,13
585C49,13,37
6BCB,14,17
0,62,11
CWV,51,50
15EUg,44,34
163,9,36
834,19,2
4,43,55
eoAS,59,43
1012120000,3,33
F2,24,36
1200202210,3,45
1BLK,22,20
abm,61,46
1,14,35
2,33,30
3,22,16
aep,60,44
22,18,46
E4O,25,49
7SR6,41,14
9Wg,60,4
MPHS,36,60
1A6,13,40
3J,42,50
KuH,58,26
113410203,5,32
2J5,45,5
CDM,38,3
Rl,57,9
1EJ5F,24,53
9e,41,39
1440,5,56
1I6,39,44
LPgV,46,4
230023335,6,63
5,38,37
4,57,59
1,37,60
5343502,6,35
M,46,49
9L,27,60
2ABAB7,13,10
2160,17,27
U37,33,60
32A342,11,22
39,40,9
3GKC,21,30
D,44,47
o,60,34
F4C,55,48
14,44,3
14A3BB9,12,16
2e,41,38
P5O,55,27
28IL6,31,50
2503014,6,20
1NMB,34,38
19HG,38,60
2HSC,38,31
6DE,22,51
D,33,23
ZF,41,28
20GY,51,21
6C3A5,20,36
Q,41,18
2AC545,13,61
US,50,47
57EE36,15,5
R,42,11
0,45,63
19D29,14,47
XG,45,24
JK,25,3
1EEl,60,25
1405,8,24
60,7,4
2D2,29,7
5Nd,40,21
322425,6,33
K,55,43
15L2,26,37
75k,49,26
8,27,41
2379,14,58
C3,39,41
C,26,40
5,52,62
1J,29,38
299,20,28
15B663,15,57
8e,47,35
240015,7,27
8,23,46
34,30,20
A,39,15
7C2M,33,58
VIW,35,57
1TWR,34,63
3U,53,51
155B0,13,38
2F7,30,34
1,31,57
39AD,27,4
428A78,12,27
108,20,2
1E,51,46
6B6F,22,18
2H,52,27
21423,5,61
5,43,32
1Q93N,27,58
131232104,7,20
2,3,32
2,51,11
1F32,36,6
1,56,25
18,31,5
2B6EBD,15,7
11J,38,36
fob,57,17
100010010101011111,2,17
D9263,14,15
41462,8,62
6b,52,53
4B8B2,22,10
j,57,38
h9UQ,46,22
21,49,27
63,12,31
A,18,24
AH0,25,33
SIQ,34,43
70,63,44
675,26,59
2IJf,48,55
ja,56,53
HKH47,22,62
5,16,31
59,32,53
54f,61,42
5,40,55
Gn62,63,61
10001,2,30
JNE,29,5
100000111000111101,2,19
PBb3,55,54
1BL,24,56
1K,35,6
2,9,37
65,29,33
1SDG,33,7
16M,43,36
94,30,42
95H,61,52
10A385,12,18
2B2,20,10
457AA,11,59
166,37,20
0,37,32
132,5,49
0,3,19
E3G6,21,62
9,52,36
2F3,18,25
NneP,56,6
TBRR,33,8
2AC61C,13,28
1A,21,10
2D7H,62,31
26S,46,30
0,7,55
1E014,29,5
A,17,47
5DR3,29,55
E,61,23
A1,62,11
HgA,61,35
7,39,39
4IG,19,36
HcDM,62,16
110,3,51
D2371,20,22
14,10,27
G,31,48
1UVP,33,37
B9E5,15,56
10w,59,36
2CA91D,20,15
4,20,38
1KG5,45,54
7417,42,20
4548,40,10
634,7,28
5,12,27
2tY,57,3
1021122122,3,47
85,36,54
ZWOT,49,43
21001022201,3,2
148,9,19
2,24,10
6IDQ,27,29
edT,42,8
607,63,60
800705,16,25
E68I,21,33
YC,48,17
I9BM7,26,33
10000000011101010000,2,53
4000257,8,5
A3,12,6
16,46,23
A5CDA,15,43
0,53,58
80D5,16,48
1,28,8
22O9,25,10
11,26,9
800BD,32,24
2,61,60
1O2B,44,53
9JD,34,38
1K4,22,59
0,50,36
D,48,46
5,28,8
3,17,19
1,3,17
32FD,22,34
0,60,18
2DD0,14,4
3,38,38
1G4,36,19
8,41,27
35G62,20,52
52D43,15,15
ME,45,30
C,31,17
2AA981,13,13
2305,7,47
2,27,51
1673,15,63
I,31,21
5,60,42
2V9,45,44
156N,25,23
D,58,55
2TBGG,42,41
2B,27,39
144B,13,48
A4,17,42
60GK,28,39
3IL,30,13
111121021220,3,56
4SY,61,10
41DE9,19,53
182614,17,48
11,5,50
40000765,8,35
D90,16,60
9,56,27
143,47,60
2B6946,15,55
0,11,31
1E,35,3
23131,5,29
Mb2l,57,59
10221121210,3,8
4,26,46
3IAM,54,31
1WEA,33,61
15B753,15,38
NJH,27,44
115850,9,11
1578,9,58
3,28,60
HFc,44,40
1CNC,26,53
1000000110000101000,2,29
5ARQ,29,35
2,5,38
AU,55,8
j,59,16
0,38,16
16EN,30,10
4,38,6
4004A8,16,49
0,36,49
2G2H,23,6
1D,38,8
16L7,31,50
212KJ6,21,21
1d,46,24
6fD,63,35
5tOl,56,60
1,63,32
0,62,11
1,32,61
1X9,36,4
13P5I,26,10
1GF,34,36
29,21,45
3n,54,32
4PE5,31,15
1PD3B,33,53
Ab,43,62
1106,11,51
D,32,12
IlYA,48,26
H,62,30
R5Z,37,19
2,37,5
2GEB,18,32
3BV,59,33
OMKK,35,26
5GD,24,61
BP2HB,29,39
LC1FK,25,4
1221001020,3,62
80E7,16,44
15,25,8
6DJ,39,16
G8,26,9
65069,12,20
BH,19,43
G26,36,34
1H,44,24
1000001000111000000,2,10
1,43,29
2GCD,23,13
4ckP,61,18
3586,23,56
I,43,8
0,56,26
76B,34,39
3,35,20
78,59,34
OHMT,35,18
2Kv9,61,41
1M,26,50
acR,44,40
2,54,9
b7,42,4
B4,38,60
R3,42,4
3E,34,54
0,21,32
0,20,41
400361,8,16
2000517,8,60
4320633,7,21
586EF,21,38
5QE,47,35
D,59,17
0,8,19
NO,45,48
7H8,29,44
O7D,53,11
1211210101,3,60
1PC4F,33,61
10111110,2,62
232024220,5,12
27H7O,26,19
34036,8,62
1772,24,30
3,22,31
WcH,45,13
11,14,59
3MG,35,30
BJhE,57,36
3d,50,15
2dZ8S,41,30
J7,60,16
7,19,35
LU9,56,26
1A,45,30
6R,40,43
1,38,19
7Z,42,58
e,60,63
56H,35,11
J,25,53
EPe,51,33
9,30,27
1000,2,24
A,28,10
8oFD,62,43
47C,17,60
9P,56,12
JQN,34,29
1310451,6,14
2002211,3,15
3E,56,15
2,22,33
1DWI8,35,12
15I,30,19
6J,35,36
72e,43,3
1Ke2,46,5
366,8,22
1,20,12
2,22,21
20131,6,23
0,39,34
269Z,63,35
10010001100100101,2,28
76A,18,11
1302,7,6
5D,15,15
P8A,28,42
7WE,37,45
232133214,5,55
9AA,18,18
OG,27,39
SAaZ,53,44
183,28,57
R8,29,61
96,18,40
9G,60,27
1033,4,2
1870,10,35
10000000000000000010011,2,38
1,47,33
2000463,8,46
3PG0I,27,16
A,17,46
19CJ,30,8
4CK4,25,3
22327,45,62
10,62,59
26CF,31,46
J1P,44,52
1ETG9,42,14
4si,62,6
4196,14,34
7B2,28,3
oNGa,55,43
5C8,31,53
ETP,49,17
3GCH,18,7
1KAF4,23,23
5N,39,29
D2M,33,55
E4,33,14
17688,12,6
4HO52,37,8
1DF,36,2
F19,23,9
7O5PF,27,5
3,45,47
7,26,13
2AB,52,30
V,54,35
2,25,17
5BI5,29,15
1GeC,59,37
BP294,29,42
3,50,61
CN7,37,29
72,39,20
4W,57,19
1,54,55
23,16,36
60AO,28,50
L6,49,20
4I,23,54
42,62,61
5J,33,55
0,30,30
406,7,30
10696,19,63
4,36,47
66616,10,57
2I,58,21
3G,38,48
27NAN,26,11
4WJ,35,28
9QK8,30,8
4196443,10,29
92J,61,44
0,37,36
38JU,55,6
120G8G,18,4
1,28,46
4cI,42,42
CQ5,41,48
1,4,46
BOI,27,49
825,14,31
10C141,21,10
33QY,44,49
1,4,18
35M,27,50
791,28,52
1CD8,22,52
QWI,36,41
9E,38,45
1,28,36
LTN,39,46
17,11,30
2503050,6,9
8idY,49,43
12fV,51,34
5KTF3,35,15
44,55,54
9P4,60,19
2,27,10
1000000000001001100000,2,11
5,12,40
6,35,47
2,14,47
1010,2,40
1,35,50
AIB7D,25,19
1LLK,45,35
B,43,20
3FK,23,6
2R5O,60,34
6Ied,55,37
C,60,36
2M,53,8
3B6GM,40,38
52,37,10
3P4,36,20
2,19,30
2HWWB,36,3
WHP,46,27
CdP,42,14
D,61,47
C,26,41
51,16,61
5962J,25,40
196,18,7
G,47,18
29,16,58
0,20,50
9k0,58,17
1,24,15
38,31,62
M,61,44
10A3B,12,12
4M,26,10
7,10,63
1000000011111000001,2,22
1e8Ni,46,39
cJ9,61,61
Rc,50,9
0,26,53
20000002032,4,42
6DT,52,10
2I25P,36,6
C,62,60
4S,53,19
II,20,25
LK4P,29,35
35C,20,40
1560B4,13,56
14B00,15,60
7O2HP,27,53
2NV,51,46
7L,54,7
43,8,2
D,41,38
2C8JJI,20,45
28,43,13
ZCnm,62,12
34F1E,17,51
A18I,19,4
4,41,54
8,48,38
0,19,61
3,41,35
2BPl,49,34
49U,54,57
F,60,56
2XkF,59,38
4C1G,20,59
6Z,58,59
IH,51,46
S1a,50,53
518E8,18,49
33NR,35,33
5,46,41
6Y5,37,38
12626,7,30
OHA9,35,31
SA20,53,15
m,49,11
19d4I,43,55
PpJ,52,32
45BG,17,49
LRE,57,54
40,14,59
16BBB,12,33
E,18,32
0,18,11
1IB,57,34
0,53,39
QTL,35,53
4l,48,30
TM9,39,10
0,22,18
A5,16,55
74,47,21
1,18,30
7P4P,41,48
5KS91,35,41
1,27,29
MHC3,36,49
1001460,8,39
7,42,50
2d,40,25
2011201022,3,3
72EHJ,33,9
DFQ0,34,17
A6,13,29
7PcD,41,34
J8i,60,48
6NGB0,28,29
6PR0,43,50
40B2,16,6
3133,4,58
9D35,19,58
lhMU,56,46
1J7,52,24
D4,30,57
60FG,28,20
9d0,62,4
4oo,58,17
4G,62,7
10100,5,4
222122102110,3,21
1e8LV,46,39
5340,7,54
87,49,17
FT5,34,18
75,14,8
110111100000,2,18
1BB6,17,31
A,37,30
1005307,8,33
3227,18,3
D9A69,14,7
47GEA8,18,16
37,34,6
5,47,13
0,33,30
4aY,41,60
408K0,32,63
O,34,50
8IV,52,47
1,43,7
19C7B,17,63
G8,56,16
1202210210,3,13
7OeQ,41,34
1Z,56,38
56KQ,47,63
165B,17,34
LlJ,56,55
1JRK4,28,26
J,59,36
5,19,52
2CE4,15,42
131302,5,49
4X,50,9
86,23,32
AIDAI,25,27
5K,25,47
1,52,11
LN,39,9
3,42,9
A2,46,42
1684,10,57
C,50,17
J,58,29
2PME,29,47
Ilf4,48,63
3N1,38,6
52,17,42
80I42,19,6
855D,20,32
100000000000110100110001,2,35
1,54,15
1A16,11,18
AN,61,61
0,36,22
5341434,6,21
4SG,33,30
1LM,37,17
33202,9,13
10001010111111,2,31
205501,6,56
UHW9,41,17
IAO,44,38
HX,60,13
2Eca,62,14
418l,51,2
CLU,31,24
2,59,39
R,60,45
1,22,23
4A,58,3
2qn,62,12
ed,61,19
EEV,43,41
67,19,15
0,27,42
8388719,10,19
IA,51,61
117054,24,12
1,9,47
SS0,48,9
203531,6,37
awTN,61,38
2KH,27,16
0,3,37
1,61,18
0,45,29
BQF7,28,24
69G5H,34,58
SFG7,42,63
18299,10,33
7,51,16
252,21,56
XRn2,50,40
798B,13,63
1HIA,28,59
A,42,46
100AE2,16,26
H9X,44,50
jY,53,39
8,15,60
ek,54,38
5,44,48
8B,27,31
7O6HI,27,62
1,47,14
8KLEH,22,12
197B2A1,13,51
154,6,59
100010000101100,2,44
9,10,7
4C,39,34
2,50,33
29077,15,53
2CG4,19,33
22,26,19
1h7,50,44
28E8S,31,60
Ldr,58,62
4S,59,27
1T9,43,11
G,63,57
50454262,7,34
JM,23,10
G,51,32
6H8,44,41
94JI3,26,25
28UIP,37,5
222221222110,3,43
0,43,50
3132,5,58
9,34,38
1,61,6
2FB,43,26
1,10,61
G,23,7
1,29,53
7,21,8
3B42c,40,59
2S21K,35,63
B40662,13,39
16A538,11,36
4S28,30,36
f,49,42
110000,2,5
97O,30,28
Bseh,56,52
1210028,11,45
2150306,7,55
1hl,57,31
2Q7H,30,8
6,17,53
LOn,56,14
505A0,13,34
36,11,16
48108A9,11,40
4E9,23,55
431015,6,41
25M,24,4
5F,37,24
2,57,18
m,63,5
32S2,36,57
2mn,55,25
1111,2,40
0,2,55
15UA,49,47
F,63,39
0,26,18
1JCBG,34,45
12E,19,38
541,63,27
DK,24,22
3,39,61
YIh,62,24
37I,24,24
1E5AG,29,50
25E00,22,19
Jx,63,31
26262,7,12
17053,10,18
J4RG,38,46
1G0A,23,60
14A4975,12,44
1032230,5,36
2A,36,3
3300,6,38
40000063,8,42
4992,10,29
QN9,50,57
29,24,3
1435,6,55
3B3X7,40,4
0,43,55
1DN7,28,34
0,52,57
2A,20,34
li,54,17
1,48,19
U,57,3
20,9,25
IkFQ,48,18
58JJC,21,17
46051,8,25
4121421304,5,50
72F14,33,44
LPT1,46,56
4I8C,24,11
5,20,53
1,24,40
1iW,49,36
43D,45,18
2124420,5,28
1,13,23
1a,47,53
1,2,47
D,61,4
I9C53,26,62
5J,26,20
19,38,51
3C920C,14,33
1PHR,44,23
96,39,51
2,13,56
G1,35,57
hOJ,55,27
DON,53,52
1,36,19
DQ,28,51
6,44,25
87X,47,46
BF3W,36,10
15K,33,7
4HQFV,37,10
3,18,10
2A9975,13,7
0,18,53
2EU7,38,10
1503,20,41
AZ,41,11
oI,59,61
101,3,46
1,54,61
i4,57,27
3V,43,52
110,10,57
1,10,52
152,27,50
10237,16,63
2000133023,4,15
45,34,19
27,33,62
LTLa,58,48
195E0,30,7
56W,57,62
120210121110021,3,40
2F,43,55
1,54,28
Nk,57,41
BK,60,29
d7P,59,21
di,58,44
0,49,19
34251152,6,62
4H8,18,54
7JZ,37,18
FB7I,26,42
55,36,62
50Y,44,42
662561,11,20
1868030,9,63
2j6,54,45
1,61,33
5,51,2
R,54,43
6,52,45
2,48,13
AIBNA,25,18
9,56,63
A60C,15,4
587033,13,4
10001111001000,2,13
fr,54,58
1To,61,43
Jlh,63,14
2990B19,12,56
TU,46,23
55IQE,30,46
4GSAR,31,31
167AA,15,51
27DF,20,33
F3HK,26,50
4d,44,37
11J,30,7
4c,59,15
22646,7,52
2I,52,32
2,14,19
Q,29,16
13,15,23
0,63,51
2Vfd,46,22
10000000010011111100111,2,50
8TP,31,21
31FO,56,10
221413,7,25
10A,55,36
34,6,49
9JO,31,10
26,45,7
MIC3,36,2
2hO,57,35
1H7mJ,50,54
1186D1C,14,59
LQSa,46,19
N1N,57,35
1783,22,15
2MFJ,37,16
21,17,50
H9,22,25
22,21,49
43,34,13
2FM,35,21
4,37,17
13IeH,53,50
C58,19,61
FL7PF,27,13
2mX7,57,41
bZ,49,45
eqQv,59,45
8CB,17,15
11,22,52
1121,4,55
2000747,8,12
4,27,21
awfS,61,56
1Eow,60,59
0,2,18
F,56,10
11,6,13
4121421234,5,30
L82,40,34
U,61,41
95B59,13,9
BJD5,57,8
14,10,42
2,24,38
JPES,60,25
1,35,44
HeUX,49,20
210,3,58
Cd,56,22
h2cs,58,39
G,29,5
8L7F0,22,34
1VRTO,39,31
9iHQ,60,19
6,49,63
1E,47,13
57IK,59,46
3942,11,20
1020031,4,6
32j,53,22
20FL,28,16
8394152,10,24
7T,56,56
rHI6,54,24
30,4,46
1,52,32
1,47,59
3,51,59
1110000010,2,17
145,19,2
t3,63,4
5BM7,29,53
357,36,5
100011101101101,2,9
B0D,28,5
A7,29,48
1KS8,58,53
B,25,56
1,31,50
0,26,37
4,39,23
1,18,43
9FC,16,7
2AM,37,23
I,25,51
1001210121,3,47
1CC4,13,58
gB0,56,27
b6W,42,25
3,9,33
41,18,49
1,54,55
BhX,53,60
2ZeS,46,34
213241,5,52
827,10,6
O,39,45
C,54,8
2XXR,59,6
5BK1,37,46
12158,13,13
J,22,16
IUWx,61,58
1AL,50,47
7A0,11,59
1002001,4,23
6MF,51,16
2A24,11,30
571,15,28
1994,11,13
1,24,58
4313330,7,40
20GR5,38,19
1,8,31
0,45,63
2B669A,15,52
CFE6I,24,51
128,25,22
LL,49,54
302,9,17
2HKO8,30,25
3SOB,53,62
10000101101011011,2,5
E3GF,21,47
AiZP,58,27
CN,32,27
13NN,27,44
0,8,55
5bgK,57,4
82B,52,46
1K7H3,23,55
4BE,26,27
20EB4,19,54
O1A,27,56
C,31,9
40B,17,56
5J,47,3
1,37,53
4AB42,22,32
H0,22,26
8067,32,38
14F,20,55
3HR8W,33,19
22,14,13
1E0E2,29,55
hVi,55,2
12C5C,16,30
1G,36,25
10,5,6
3Cb2,43,57
2252,9,44
B3B4CB,13,34
2424,9,59
4,35,55
151,8,21
45604,11,42
1BTR,37,10
1101111110001,2,8
A,38,7
14D,15,32
0,54,2
HaS,43,14
116,15,61
6,29,34
lEW,53,11
300,4,7
114A1,11,14
oT0,51,4
6Q,34,49
2S7NJ,29,17
I,25,24
1,5,50
20000012303,4,27
1c,61,25
TEVD,33,18
4,15,13
A,59,63
2Q,47,23
BJT,36,26
6,56,54
1MFQM,49,62
2Lb,38,45
2411595,11,10
3,49,59
13D,42,43
U,31,56
19,27,42
n,56,24
1,23,34
1bB1,41,7
2Ed,44,10
JNL1,30,21
15ABEE,15,30
7807656,9,35
1Z5,60,16
87,40,50
2D,28,14
4NMF,24,23
7E,33,11
177O,25,12
LUd7,58,5
9j,46,19
72ORN,33,47
2KJR,48,21
Fl,63,16
7,8,6
1KTv,58,4
25,47,37
I993K,26,42
Jdi,60,51
F,47,21
20W,63,27
EC8,24,19
2671,20,40
A2C,29,15
0,19,25
2141354,7,41
4002172,8,31
382D,17,42
816,11,41
37c,56,41
3JRW,34,31
1037,10,3
1K5D0,23,22
1A3,11,58
2FH,46,10
H4,57,35
0,12,36
5RCJ,28,2
5Zu,62,11
7MWD,33,5
8oS1,62,4
AhSt,58,23
Cdo,61,46
5fdD,57,51
5Q,31,52
14a,50,25
21300,4,56
6,54,10
99,25,15
2E,54,17
CC6,31,12
235,8,15
1,24,7
2Ofc,47,63
1,28,53
1929,11,49
3,48,16
1230552,6,50
100111110,2,18
1JZAS,41,48
AQ,37,44
5M,32,49
jIcM,57,18
100001123030,4,19
77H,48,38
10D,14,20
22IK,21,24
2B7DAD,15,26
QQ1R,34,27
1,4,59
66hO,44,39
CFKFM,24,55
S7H,37,57
B1R,34,3
17W,39,28
3,47,3
7,37,47
t,63,44
5,63,26
1413,6,7
AGBD2,21,60
1014111213,5,37
OOE,37,6
1CDV3,51,29
WVC7,40,14
eJTO,47,9
6S6,30,54
C0D1,28,29
28U1T,37,10
878P,32,60
8gm,51,39
7B3,17,50
0,29,8
VC,37,52
XSmH,50,45
4hc,51,53
4043,5,24
108ZQ,38,48
92P0R,31,26
91I,41,8
29,14,50
2m5K,57,62
15DAK,44,17
814CD,16,58
1,33,42
0,61,28
79,26,17
1PDWG,33,15
100000000001000001000011,2,2
171,16,27
DK,26,25
fs2,57,50
100G4,32,7
1BND,37,10
1L,27,36
8P,44,54
8,40,47
KK,54,51
34BBA,12,17
1,52,32
P,41,56
45C,60,6
8I,60,21
BTa,57,44
3137,24,14
20002,3,62
14MN,39,15
3,21,11
40A8F,19,31
PQ,31,9
DA,15,57
2,22,12
1DQ,35,51
3E,38,10
441235,6,42
4DQU,31,22
131240230,7,63
JC,34,23
1,51,19
6B2E3,20,31
BC8,16,55
2,29,46
3,23,35
PBlA,55,54
1S,39,5
3S0K,33,6
0,8,25
2032,4,47
1IN,31,23
1011111011010,2,3
1,14,60
1B,18,42
3O1E,33,7
61,12,29
1,5,22
4R7,43,5
6,25,38
yo,62,28
H,24,19
1N,49,9
2AH,19,16
69IE6,34,28
156,21,35
17Ymk,52,53
4KE,52,7
3,50,48
VVl7,51,36
2,37,38
8AJ1,25,2
5LjW,58,8
1UE,33,38
0,13,13
Yy,61,25
117MFK,24,7
1Ua,44,25
3AIM,23,57
2549,26,8
BrUW,56,18
1220,6,58
5342011,6,4
222Y6,45,34
1,55,41
2,49,54
40MH,32,41
B04A,15,8
CI6,39,47
50,20,46
2,37,55
5O,31,10
1,35,25
93C,16,25
4NA,26,19
3,29,62
3,32,33
0,40,34
4,27,11
ORc9,44,50
63,9,38
1D4710,14,16
RHT,49,7
110111111100,2,12
B457,18,60
E,16,3
1G,19,50
313,7,47
1GJ2,46,41
2OjU,47,15
7cX,45,62
15DP,63,43
eWc,42,53
3788E5,19,51
2u,63,24
TB,35,16
37DA,22,51
1D522A,14,48
2AA660,13,62
h4AS,46,56
2Rd0,60,62
VVWh,51,25
D,41,52
8,57,21
Yg7,62,38
229B,14,41
CCk,54,28
1B,43,2
2FP,28,42
21E,15,60
ETd,50,59
BFD,18,49
25525,13,35
2FT4,38,26
1KQ,48,8
1L2,42,25
hTn,55,7
3,53,22
1,7,63
120,3,37
2,4,7
OGJ6,35,18
83E,35,53
7120,8,10
S,39,30
MWI,42,39
2dW1I,41,15
1155,23,58
7,8,42
p,58,11
3,24,16
1j,56,32
80BF3,32,26
SU,32,37
11764,9,52
3,42,10
9,30,7
0,26,41
26,9,25
TPD,34,61
3H,30,53
3,61,54
J0FC,24,42
587077,13,7
5O,39,16
SGES,42,29
2,19,47
jH5t,57,14
63,36,33
j,57,7
0,41,61
0,6,22
595F4,25,11
42Y,48,23
227A,33,37
15265,8,55
1,44,46
225,47,23
25,11,60
1P,27,50
235,11,30
9MNO,30,44
N6Q,41,7
1H1,32,42
3BFD1,28,59
32CI,22,56
5Q,34,50
35GD,23,52
2Md,56,31
111,2,47
5BH,57,20
3Q,28,37
LSD0,46,37
23,31,8
V,59,42
2b9,55,28
HL17,31,40
222201202210,3,16
K5,59,30
3S60,53,59
9L67,38,50
4cL,63,7
2,56,15
67HMH,24,3
R,33,47
7,38,7
232104313,5,11
11505,8,18
2,47,6
6,44,36
6T,35,2
Kd4,44,15
3NK,52,35
A,16,23
1,54,57
113201,4,13
303,4,56
33F4,22,53
HC,23,33
3YZY,41,11
CPO,26,40
1EC,27,10
21220020202001,3,37
1A9O,29,62
NA5,41,30
132529,10,28
LH06,23,35
10000011011000000,2,15
Kj,59,32
45,7,51
L,34,31
113423243,5,34
J,53,3
18,49,2
1,56,52
1010,2,24
3,55,2
17,11,51
10133213,4,49
43043,5,25
51154,9,44
0,21,19
W,50,59
QbCc,54,50
2hU,44,51
Gois,63,60
1,21,26
BgX,53,8
1035,11,47
Dl,62,25
1111111111001,2,44
64,61,30
BML,39,36
69JAK,34,18
254B,32,10
163,18,51
14A3914,12,8
CEAc,44,32
5022,9,7
Cj3,51,10
0,5,10
1000000030,4,26
D8IE,27,41
1,40,53
1LH,28,21
0,22,50
KX,52,31
2,48,34
3I,49,35
414H,21,39
3c8,59,53
8QTJ,31,43
30gV,56,40
4FK7I,26,30
20001023211,4,28
3PFAD,27,10
1H,29,54
YPO,45,57
6,15,54
1100,2,57
16E,31,59
3J3F,54,31
4cpB,61,52
KLF,58,39
2W6C,36,21
4I,21,21
1,2,48
851B03,12,56
45900,11,16
362315,7,15
223CQ,45,57
36dL,44,42
BW2,34,14
52UG,47,41
LR4M,46,21
2DF,25,2
O9A,29,38
KPfW,59,54
7HDC,33,2
221,40,24
FGM,33,18
G5K1,32,59
2PiU,60,59
T,59,3
1,2,8
32554,6,55
20D,51,38
5q4,58,41
1e8ga,46,61
3HW2V,33,8
2836H,26,8
I3I,34,30
8,12,59
238I,40,40
131225105,7,13
4,18,45
4FA,34,45
100000220202,4,28
1EE2,28,22
1,14,46
5,56,52
1014123210,5,47
1KF,37,53
6,10,6
7B8A,33,5
EB,21,60
0,34,51
3,55,31
1S,43,48
377,14,49
AAMQ7,30,5
4cJw,61,32
73,30,50
0,35,57
180L,23,42
V,60,28
Vw,62,53
0,23,20
PBUK,55,61
1VUc1,39,14
7,41,12
3,43,37
10110,2,27
6,46,31
206F0,16,52
c,44,46
Qip,53,45
80Ci,51,48
15251542,6,53
L3g,56,39
2m,53,6
MU,54,55
2hBM,45,18
GU,33,17
GRO,38,56
351,13,17
mb,52,12
18487,11,50
5Fe,59,53
3,30,57
1,24,54
18EC,23,41
7O6MJ,27,51
79B,16,28
2121311,5,47
9,60,29
GD,61,12
EHC,37,11
1DYLL,35,9
6,59,22
5BS,59,11
JBT,35,15
1,52,37
8,47,13
OHPV,35,38
JIG,20,62
coC,59,42
13244232,5,35
1001070,8,17
3075,14,54
AN7H,29,20
75UY,42,23
28LC9,31,10
0,21,32
CH,47,3
C26,14,8
19,34,45
3918,12,61
J2H4,24,8
2,14,53
0,46,32
B0A7E4,15,15
4BG,27,30
40,58,43
2,49,3
26,12,40
103214,8,48
1aGr,54,27
Hd,49,21
4B93E,22,48
0,41,7
1MGD,26,26
DC,33,57
1U,53,58
At,62,47
2G2HI,21,32
0,23,20
480A585,11,32
QJ0E,27,9
80EF6,16,39
EmC9,52,53
737J,53,53
14PR,32,63
2HRSD,30,14
E5iO,53,34
6,52,38
3SAf,53,45
A,26,14
1ACP,61,48
3213,4,41
40AHH,19,62
1AJX,38,40
1SV,55,55
NK,40,12
2030,5,31
6fD,49,54
M,38,39
DG2,32,8
0,54,45
S9BX,53,36
7B5897,14,42
10000011100110111,2,25
QGGE,43,17
95S,29,53
H66J,25,6
15,20,60
35E9E,20,58
1TF,49,32
H,21,26
4,40,19
8,10,8
8Oun,63,23
mT,52,52
T,37,2
Gae,49,48
J9B,63,24
LI5A,23,49
12,8,20
31402332,5,30
40,6,2
4,17,25
7,15,34
2ue,58,43
2MH,51,32
52051,7,38
0,58,48
3K,57,12
2G4D83,17,24
35,61,2
10,35,55
15XD,49,21
5Ab,47,54
QV9R,34,29
20,6,23
6T5,35,25
873J,20,33
34SJK,34,37
A7,40,33
gOX,56,45
3EV,51,43
VYZA,51,63
6V,38,10
10221221200211,3,14
0,4,63
6,62,42
4ok,61,5
58ABC2,13,61
EG,43,19
R,31,22
B93,25,22
19,19,22
1BF,33,17
1,39,9
5,52,31
41A,49,12
FOC,26,51
H,27,57
1Ga,59,61
1C,23,25
18V,52,25
e,47,43
19bgB,43,12
164K,31,15
1,61,42
1IQO,35,45
48,45,29
200000202301,4,36
1K,43,5
53,12,63
15AfC,44,12
49D0,20,46
5,39,22
5T,44,58
1321512,6,55
12T,39,15
OV5b,44,11
L8,46,48
gRK,56,13
1,19,15
C,50,36
3Wh,44,13
ZL72,39,36
jAT,54,12
11A93,12,45
K9aD,47,3
38Y,61,41
7FD,59,48
VAH,47,15
6JC,26,5
2b,45,2
QVG1,34,41
6B24F,20,61
455514101,6,54
9gcI,60,10
1318J,22,21
NLL,30,61
35198,12,7
35,31,32
0,62,22
K6,28,28
1Xc9K,47,38
CZK,41,38
456K,32,63
J86F,24,16
2AB095,13,57
5,54,22
396,20,2
1SKL,33,14
1221200011,3,46
0,60,58
1610,7,31
10003B,16,55
9182A,11,13
7806012,9,15
OPh,52,33
2CO5,26,46
FBE,34,12
1Ln,51,43
4smv,60,59
D4,18,8
4c4n,61,43
234,8,42
H79,32,6
0,38,57
QGDD,43,63
15B3,18,53
48A,21,52
10112200,3,54
27BB,19,63
5R2QC,29,12
4200132,5,14
2M,27,34
63,7,39
COD,37,63
Q7,38,27
JSc,42,26
43050,6,29
aF,59,7
34320213,6,20
B3B751,13,58
1SA,38,4
4C,18,8
F2D8,26,53
1,42,60
lh3k,56,31
42E45,16,48
43,13,42
Gd,59,40
ASU,50,56
7K,37,10
1DI6AD,22,38
7B3AA9,14,12
2C,14,39
113340403,5,43
5,6,25
69FOL,34,42
3B6FL,40,39
1UZW,43,14
19MN,39,4
1qT,56,26
CE,18,17
232133313,5,63
17aT,38,38
6Pg,49,42
177183,11,7
10,13,32
0,45,61
1CqE,60,48
2,56,5
20L0,32,22
3CcG,43,17
2033324023,5,32
0,50,13
8G,30,13
14130,5,3
4,49,18
6,11,39
R,43,35
6EDC,18,5
1k8o,52,59
9169,49,15
150E,25,13
25251,6,54
100000000000000110000111,2,57
4Osr,62,13
26,39,46
1f,57,8
cr8h,60,62
C3,18,61
14FLG,37,3
34RU0,34,52
1DW5I,35,6
AS,34,21
1Tql,56,37
OXPL,44,43
10000001010100001000,2,12
14EZ8,37,6
8E2,27,48
F,40,23
0,63,35
aO,63,53
4FT,38,33
PK,53,41
22,19,6
6eX,50,19
9R1R,38,4
4rDG,60,14
111112,3,22
GB,20,36
5MVk,58,55
77519,10,56
17BHG,21,30
9,54,3
8uP,63,63
7,11,7
1T,55,22
29,18,57
5,39,39
3J2,31,35
6B341,20,27
G7,21,8
3,38,39
115,13,51
100000000010110110001,2,6
I,25,41
1,45,46
16,11,25
1KOG,58,59
B08,58,23
GMIL,25,35
1X4,59,52
L9,23,33
41,44,42
2UQ,40,37
125,6,15
12lZ,50,54
5B,36,39
2GA,17,20
5MUY,58,51
6BFe,44,59
PP,26,26
28,15,51
E,24,61
9HMJ,24,55
269K,21,59
55G2Q,30,14
WZ,48,58
AY,44,26
29,59,26
49,12,25
599,13,39
20210021101,3,32
j4M,54,53
5R,42,27
33D5A,17,29
1H6F,59,24
47H0DC,18,16
J6GC,38,42
41,27,14
PJN,36,5
5k,63,63
18L,57,56
54H,52,15
2C,25,35
100343,5,8
YL9,62,48
21,5,56
1RI,37,15
4d,46,9
8156,9,29
DCV2,34,13
C,54,34
B,38,17
277,14,11
1007C6,16,55
17B22,12,61
1Y,41,32
NNA,42,46
43305,7,24
88PG,40,46
17,51,5
1323,6,11
VJd,46,60
1,47,41
8008M,32,63
1B,46,44
I5,22,20
0,51,55
mQk,52,48
10,3,47
211111110,3,30
205,6,40
7T,53,43
11100111,2,59
39h,52,19
7K02,33,27
1KG,31,41
4330631,7,46
S,54,62
0,29,4
1K,22,20
2204232,5,23
8M2,32,48
LSul,58,14
1010111101110101,2,7
UH6,33,57
T7CC,33,5
0,9,30
39,15,35
1J8,20,63
9,15,2
G,48,25
N2Td,45,22
3,28,7
C,37,7
C5,24,55
4,19,45
67GS,44,52
8C8V,40,14
LM,43,8
1PH36,33,40
GGI3,40,61
RIB,35,22
123545,6,23
13,19,36
1A4,49,54
J,28,26
201,30,19
116K12,24,23
3XDV,41,49
JH,52,35
V,50,60
100011,2,58
0,55,42
Cg,57,39
7A,41,11
1N,41,60
38815,10,51
9T,45,29
CZi6,55,54
10221121220112,3,5
1e,49,59
2B100A,13,27
2,20,58
3,43,51
2TT6,36,38
CDJ,53,25
74,15,44
3,35,25
3x,63,60
D,22,28
92LFU,31,26
4FB9,17,18
2,21,6
2,10,26
19D,47,49
1322,4,18
3282F,17,2
100,5,5
E4WN,53,29
G5UA,32,36
G22H5,19,53
212K0A,21,36
1243510,6,12
C,24,51
6HG,42,17
1,2,35
1555,6,25
58F,59,12
1,29,39
4u8,58,48
130,4,7
3,48,28
331,4,29
1G7J,46,32
U,40,10
11111001101010,2,29
385,25,10
4,26,48
5N6,41,46
3cQB,52,25
1,52,56
113243123,5,50
Gmzo,63,20
3X,34,6
4,25,19
1,10,8
31,60,24
2452505,6,17
40YC7,38,28
3,23,10
59717,25,58
188,15,4
A,21,61
4,54,15
C,44,29
1HKH,28,30
M,36,7
61L,48,10
4334251,7,11
4,11,42
0,17,46
4,60,46
9m,49,51
AE,43,12
13304011,5,6
oNDY,55,56
2,13,36
1,43,22
TI,50,53
1186AC9,14,15
1,30,50
25,6,62
0,13,42
NKc,53,46
1,2,57
48,19,56
2AM3N,44,5
66A0,13,34
7,52,30
4SI,35,36
8,61,46
AP,47,24
3BE,45,57
23032,5,38
3c6j,52,35
6KP4,55,54
DY,54,23
F200,17,10
2,25,31
5,46,35
1eQ,56,20
0,40,30
16,56,23
23,12,26
V,46,57
P2,40,39
1,35,7
1K,27,54
11,37,36
207B,13,25
98V,46,35
2551353,6,12
3,30,4
877,15,11
3SGg,53,4
1oP,61,28
2OF,29,50
iYP,55,3
23611246,7,7
294E7,15,57
2,56,52
49,10,47
11303,4,46
34254432,6,2
20000020102,4,39
880174,9,34
4H6R,39,50
298A720,12,3
33,4,20
1NrV,57,58
5bfg,45,13
6KCV,55,29
20001333320,4,40
3bT,47,37
14D,16,54
0,37,19
111022220100,3,16
0,57,6
4AAJD,22,29
108B,27,24
59A3E,25,37
2,31,47
9DD3,15,59
4KO,45,61
1NKD,35,32
8D1B,16,15
4VJK,38,58
587B8A,13,19
4,60,43
1HE,48,31
5184,9,22
9329,10,52
2AP,55,58
D,62,62
10101111010,2,14
Bo,53,5
6EF,20,17
7B,42,22
1E3BB,29,56
10,35,25
82,36,15
2B,20,40
5075H,18,57
18,16,42
1,25,45
2dtQ,58,16
5G,62,53
120210101210122,3,53
5Pc,56,16
3BWb,55,45
HiKW,49,63
BA3,19,37
709,17,20
3QN,42,57
B40A79,13,57
92,12,38
XS0a,50,43
I1,21,61
ZD,38,55
7627,17,34
8897,20,44
22,4,5
1940,18,7
210,3,41
1E2D,28,9
3V,47,46
AHX,63,17
E,60,21
MU,33,59
JN,39,42
0,7,59
15,43,36
1A,47,46
8XT,35,44
13Kq5,53,33
0,60,37
eIdY,47,61
2Ui,59,44
10TB,30,51
WGg,46,28
0,61,29
1DSQD,29,26
0,30,59
6FK,51,41
1567H,18,61
1I38,36,6
BqD,54,38
224381,9,17
409O,32,48
2B830D,15,63
2,35,54
37A4,17,9
CW,46,12
PM7,31,4
1OGY,57,30
13,8,8
WVA7,40,55
6,47,26
5,52,5
0,2,38
C3,46,60
G3,51,13
0,62,30
1Ge,58,3
2TFf,47,28
10100111110110,2,24
1P,33,10
BZ3,44,42
1,30,16
mXg,52,51
35,14,23
E8,60,41
2D7,16,53
2,37,18
5Bo,57,13
e,62,31
Df,52,7
1,6,18
1Q81P,27,54
0,55,24
5Ff,56,5
Gl,57,59
4baF,38,46
1,7,62
QNBJ,34,39
1,47,5
1GKC,21,4
1,58,38
WN8,45,49
4,28,20
58788,21,58
275,14,56
5,33,20
21EA,32,63
TE,59,14
400ED6,16,37
13NNO,26,48
a,44,2
1242,5,16
B,54,30
1,31,13
EO5L,26,49
6hm,57,21
UObX,41,26
N,27,44
3QWQ,33,58
1,22,20
2D,20,34
4VZ6,38,56
9,11,49
862,13,41
4hV,60,13
PJI,40,39
4C4,33,32
3032,4,2
2R,60,4
5,58,22
300,11,3
7,10,49
7c,44,39
66C73,17,24
J,54,50
1111110,2,41
Lbr,55,29
10B,58,21
A,26,39
4k,61,41
4QG,27,2
1,2,43
13M45,26,25
0,24,16
Zb,61,45
9,59,26
C,57,36
D,19,52
224381,9,58
1H,37,56
1,58,38
TcU,47,13
YX,45,52
4PG,43,39
3,11,28
0,54,46
W,51,37
6Cv,63,39
A,42,44
G,25,19
D2,24,42
Ac,44,13
m,50,62
j6,51,22
2,59,6
25,6,7
7,54,58
5163,7,2
2HWZ5,36,11
3,13,3
0,60,56
1N,59,58
MQ,38,19
1MN,31,6
3759,28,28
5d,47,56
1C44,15,52
4UK,45,36
5421543,6,19
102112,3,16
22G4,20,56
X,40,7
1S5Z,44,63
Gp4q,63,52
w,63,5
34,29,34
377355,19,17
214200,6,17
1DN,40,9
SES,37,62
4,32,18
45,60,52
1011,10,51
1D3AD8,19,38
12,10,45
1,12,15
G1FB4,19,5
0,44,56
1,41,22
AKS,40,16
1223340,5,3
B89,14,53
11010110,2,63
20000E,16,4
1F,39,51
ei,47,53
j,48,62
66533,8,8
V,38,56
9,63,51
526646,10,7
2,10,62
3D,37,5
9,55,33
48HG,25,10
528572,10,26
SWZ,48,45
0,14,60
11000,2,60
4101002,5,44
101253,8,19
1030110,4,55
oL9,51,34
298B9,15,60
2,4,39
1WP,54,57
3D,15,11
11,36,29
1000000000000111111001,2,48
XYe9,63,27
225540522,6,42
B,25,27
1ED,48,11
2G4785,17,22
E56O,53,57
2,37,7
1S9a,43,59
2SG,44,51
2,25,8
3HO1R,33,5
1,6,48
IUN,42,55
1,49,14
24,15,2
490,10,38
4OoQ,62,29
42A98A,12,38
1,57,36
7,32,42
1,57,3
5MNX,36,32
69M2T,34,40
X1j,47,63
57Ra,47,61
8DKS,40,16
1,53,14
443C,40,3
39M1,55,28
I,32,37
L,63,9
27Vm,63,45
2B1B7,18,6
3,40,35
Y,35,29
48,25,57
3DAB,17,57
UXA,34,11
E2,37,47
120,7,13
12,52,8
1Cc,46,56
AD,45,55
4UR,50,14
B844,23,55
398,54,53
8,44,56
1,31,55
1,7,39
B0B,15,7
0,29,14
2Vhb,46,9
34G,56,22
3961,18,55
14H7,19,12
6,42,48
1gP,58,18
0,9,8
12210,3,48
4121414202,5,48
B0AB0A,15,43
c,57,37
2C9FI8,20,37
100000100010001011,2,57
5544,6,12
25I,39,34
3H46E,23,23
